1743 108153
1746 108011
1742 107962
1741 107908
1736 107847
1737 107567
1735 107533
1738 107469
1739 107461
1730 107293
1734 107231
1733 83109
1729 106916
1728 106805
1726 106675
1725 106567
1717 106553
1722 106478
1721 106416
1715 104261
1720 106136
1718 106049
1719 106049
1712 105919
1713 105419
1716 105653
1714 105549
1704 105464
1710 105232
1711 105232
1709 105164
1706 105008
1707 104930
1708 104930
1705 104881
1703 104786
1702 104763
1701 104671
1699 104088
1698 104310
1696 103479
1700 103978
1695 103996
1693 103952
1694 103952
1692 103883
1697 103835
1689 103471
1690 103658
1687 103493
1688 103493
1691 103212
1685 103198
1686 103198
1681 103163
1682 103097
1684 102995
1679 102859
1680 102852
1676 102710
1677 102631
1678 102631
1670 102579
1675 102550
1674 102482
1673 102389
1662 102042
1672 102172
1671 102181
1669 102101
1667 102013
1668 102013
1659 100938
1661 101790
1665 101663
1663 101494
1660 101526
1658 101302
1656 101211
1657 101161
1654 100127
1647 100780
1651 100796
1650 100712
1648 100592
1649 100592
1646 100584
1641 100249
1642 100249
1644 100227
1635 100153
1638 99942
1637 99883
1634 99563
1633 99539
1632 99442
1630 99384
1631 99384
1628 99276
1629 99276
1626 99136
1627 99067
1625 99031
1624 98942
1621 98654
1616 98501
1623 98463
1622 98453
1615 98253
1619 98159
1620 98061
1617 97920
1618 97927
1585 97845
1591 97845
1608 97782
1613 97467
1609 97350
1614 97283
1611 97288
1610 97179
1612 97164
1584 96953
1588 96953
1589 96953
1607 96604
1603 96460
1604 96460
1606 96454
1601 95865
1602 95865
1582 96267
1583 96072
1586 96072
1593 96034
1598 95890
1594 95525
1571 95785
1592 95583
1575 95561
1580 95477
1581 95477
1579 95447
1574 95188
1572 95086
1573 95086
1566 94803
1569 94721
1567 94581
1556 94384
1562 94278
1558 94216
1561 94216
1563 94216
1560 94009
1559 93898
1557 93703
1548 93586
1549 93586
1555 93389
1554 93321
1552 93199
1551 93149
1553 93105
1544 92951
1530 92951
1550 92864
1545 92739
1546 92739
1547 92715
1543 92582
1542 92492
1533 92357
1540 92199
1541 92199
1537 91381
1534 91760
1538 91637
1536 91520
1535 91481
1523 91271
1526 91195
1528 91058
1529 91058
1531 91294
1527 90939
1525 90793
1521 90477
1520 90342
1515 90236
1519 90212
1517 89968
1516 89846
1514 89810
1508 89644
1509 89644
1511 89634
1513 89550
1512 89535
1504 89319
1498 89137
1506 89007
1483 88963
1484 88963
1482 88963
1499 88812
1497 88677
1500 88591
1501 88591
1495 88533
1496 88533
1488 88522
1493 88422
1494 88344
1491 88248
1492 87792
1486 87849
1490 87874
1487 87873
1485 87470
1479 87598
1480 87598
1481 87523
1476 87356
1477 87294
1478 87294
1475 87188
1474 86933
1473 86827
1467 86566
1470 86464
1471 86464
1472 86406
1466 86126
1469 86082
1468 85951
1411 85792
1464 85792
1465 85792
1458 85750
1459 85750
1463 85707
1462 85594
1461 85491
1450 85348
1453 85288
1455 85186
1415 85118
1456 85118
1457 85118
1454 84984
1451 84885
1452 84847
1439 84731
1440 84731
1447 82067
1438 84589
1431 84563
1442 84298
1443 84298
1441 84298
1444 84248
1445 84248
1437 84149
1413 84056
1434 84056
1435 84056
1436 84024
1433 83903
1421 83761
1428 83771
1430 83614
1427 83553
1422 83452
1408 83233
1426 83120
1416 83036
1417 83036
1425 83148
1420 82978
1419 82817
1418 82673
1418 82643
1406 82560
1407 82417
1404 82366
1405 82366
1409 82284
1396 82142
1397 82142
1403 82022
1402 81919
1400 81916
1400 81942
1401 81700
1392 81565
1398 81506
1394 81355
1395 81355
1391 81265
1393 81161
1399 81082
1388 80828
1389 80809
1383 80562
1384 80562
1386 80490
1381 80427
1382 80427
1379 80216
1385 80257
1380 80054
1372 79974
1375 79731
1371 79624
1374 79517
1373 79376
1369 79235
1370 79107
1357 79208
1368 79027
1367 78864
1364 78781
1356 78832
1366 78735
1365 78504
1361 78355
1362 78355
1363 78202
1346 78124
1359 78116
1358 77869
1360 77846
1354 77593
1355 77491
1353 77373
1349 77284
1350 77284
1352 77161
1344 76819
1345 76819
1348 76555
1342 76633
1340 76479
1341 76479
1343 76352
1336 76099
1337 76099
1335 75993
1338 75913
1339 75913
1334 75877
1333 75802
1329 75559
1330 75559
1331 75480
1332 75432
1328 75246
1327 75147
1326 74961
1325 74235
1324 74714
1312 74640
1322 74148
1323 74148
1316 74493
1305 74459
1320 74431
1321 74431
1319 74431
1297 74356
1311 74224
1310 74214
1314 74214
1315 74214
1313 74146
1307 73953
1304 73934
1301 73877
1303 73872
1299 73763
1300 73763
1296 73627
1302 73599
1290 73563
1291 73563
1295 73467
1294 73274
1292 73051
1293 73051
1288 73105
1285 72950
1286 72867
1287 72867
1284 72804
1270 72611
1283 72592
1279 72577
1268 72358
1269 72358
1278 72330
1266 72243
1280 72212
1281 72212
1259 72239
1276 72239
1277 72239
1272 72132
1265 71995
1260 71805
1227 71740
1262 71740
1254 71594
1255 71594
1253 71489
1257 71434
1242 71216
1243 71216
1256 71184
1245 71080
1225 70898
1246 70898
1247 70898
1251 70860
1249 70779
1239 70720
1248 70720
1244 70553
1238 70450
1223 70358
1240 70358
1241 70358
1241 70358
1234 70233
1228 70162
1229 70008
1230 70008
1210 70008
1231 70008
1216 69954
1221 69925
1220 69899
1215 69815
1211 69655
1217 69605
1213 69464
1207 69314
1206 69158
1203 69108
1200 69035
1196 68655
1195 68471
1195 68471
1194 68405
1188 68079
1189 68079
1187 68111
1183 68003
1179 67891
1180 67891
1185 67829
1181 67727
1182 67614
1172 67511
1173 67511
1174 67388
1148 67366
1170 67280
1168 67241
1169 67241
1166 67081
1165 67041
1164 66884
1147 66878
1161 66878
1162 66878
1151 66602
1154 66586
1119 66411
1142 66301
1143 66301
1140 66147
1139 66101
1141 66062
1136 65905
1137 65825
1138 65825
1133 65807
1120 65679
1121 65679
1112 65679
1131 65487
1117 65365
1109 65295
1113 65295
1114 65136
1110 65079
1111 64989
1107 64833
1107 64847
1108 64751
1103 64722
1104 64722
1105 64664
1100 64545
1102 64439
1096 64156
1095 64130
1085 64078
1086 64078
1087 64078
1092 63961
1088 63656
1056 63461
1080 63436
1061 63384
1032 63324
1078 63324
1079 63324
1077 63274
1055 63099
1044 62985
1074 62985
1043 62797
1071 62612
1072 62612
1070 105126
1064 62455
1066 62419
1065 62411
1033 62287
1059 62238
1030 62013
1053 62013
1058 62013
1058 62013
1034 61993
1047 61993
1051 61969
1041 61876
1041 61876
1040 61668
1029 61439
1025 61323
1027 61311
1023 61356
1019 61161
1020 61161
1016 61015
1016 61015
1013 60920
1006 60672
1007 60572
1008 60572
1005 60511
998 60357
995 60217
996 60217
993 60047
994 60047
989 59968
990 59962
986 59758
987 59758
981 59713
981 59713
985 59623
982 59551
983 59484
984 59484
979 59462
980 59350
977 59281
975 59202
976 59195
925 59173
966 59173
967 59173
965 59105
963 58991
964 58991
962 58869
960 58802
961 58743
959 58712
952 58681
924 58544
956 58544
957 58544
955 58547
954 58519
926 58424
923 58286
947 58286
948 58286
949 58291
950 58291
946 58210
930 58177
931 58177
944 58177
929 58223
936 58056
937 58056
940 58033
939 57892
938 57840
932 57796
933 57763
934 57763
922 57605
919 57462
917 57420
914 57250
916 57223
915 57123
913 56992
912 56920
908 56713
909 56666
906 56601
907 56601
907 56601
907 56601
901 56478
902 56478
899 56392
898 56381
903 56330
900 56294
896 56135
897 56135
895 56028
893 55989
894 55884
891 55841
892 55841
886 55734
889 55734
890 55734
888 55701
887 55584
884 55470
878 55435
879 55435
877 55362
875 55233
876 55233
870 55200
871 55200
872 55200
873 55171
869 55009
865 54888
866 54888
867 54888
864 54765
864 54765
855 54750
863 54708
862 54590
858 54604
860 54604
861 54604
859 54572
856 54452
853 54368
846 54357
850 54317
851 54317
848 54233
849 54233
842 54179
843 54029
844 54029
845 53986
840 53943
839 53815
838 53736
837 53662
835 53588
833 53567
834 53567
832 53461
825 53334
830 53302
831 53302
827 53268
828 53268
822 53068
822 53068
819 52946
820 52946
815 52742
816 52742
817 52638
814 52449
813 52410
812 52318
811 52228
808 52010
808 52010
808 52010
806 51883
805 51846
803 51768
798 51652
772 51598
800 51598
797 51588
774 51441
795 51441
784 51351
788 51312
789 51312
792 51254
786 51163
787 51163
771 51068
790 51068
791 51068
785 50996
770 50948
781 50854
782 50854
780 50854
769 50897
769 50897
778 50724
779 50724
776 50622
768 50550
767 50498
765 50456
766 50294
763 50205
764 50205
761 50179
762 50010
756 49946
759 49946
760 49946
758 49880
755 49793
757 49743
754 49637
750 49412
748 49328
752 49328
749 49186
747 49171
746 49160
744 49126
745 49126
743 49049
741 48871
742 48871
735 48659
736 48659
739 48582
740 48582
729 48501
737 48501
738 48501
734 48397
733 48133
725 47974
732 47890
731 47840
727 47773
724 47644
723 47502
722 47497
721 47457
718 47314
719 47314
720 47183
715 47169
716 47169
713 47094
714 47094
717 47058
712 47050
711 46830
708 46763
710 46761
707 46662
706 46510
704 46450
703 46434
700 46283
701 46283
698 46148
699 46148
696 46031
691 46075
687 45770
688 45770
685 45558
686 45558
682 45491
681 45425
678 45405
679 45310
680 45310
677 45181
675 44902
671 44821
643 44754
673 44754
674 44754
670 44715
666 44622
667 44622
641 44538
668 44538
669 44538
665 44466
663 44408
664 44408
662 44408
640 44292
661 44292
660 44259
659 44093
639 44047
657 44047
658 44047
652 43986
648 43964
653 43886
645 43868
655 43868
650 43677
631 43551
632 43493
627 43467
634 43467
635 43467
633 43392
629 43227
628 43203
630 24160
630 24160
626 23522
622 23442
625 23342
623 23278
624 23278
621 23196
618 23142
617 22971
620 22936
613 22832
614 22832
616 22712
615 22658
611 22441
610 22341
612 22299
607 22256
608 22256
609 22187
605 22019
606 22019
603 21914
603 21885
604 21885
600 21827
601 21755
602 21755
599 21685
596 21599
598 21590
594 21487
595 21487
593 21406
592 21318
590 21203
591 21203
587 20971
585 20898
586 20898
582 20692
583 20692
581 20508
580 20468
578 20368
579 20368
576 20226
577 20226
575 20176
573 20040
574 20040
571 19923
572 19923
570 19770
568 19705
569 19705
567 19604
566 19518
562 19518
559 19237
560 19237
558 19212
557 18943
555 18919
556 18919
553 18842
554 18842
552 18696
549 18363
550 18329
550 18329
548 18126
546 18034
545 17982
543 17773
544 17773
541 17697
542 17697
540 17643
538 17612
532 17458
533 17458
535 17401
536 17401
526 17281
530 17177
531 17177
531 64439
525 17119
529 17065
524 17065
527 17020
528 17020
523 16968
522 16853
520 16736
521 16736
518 16598
515 16468
514 16398
510 16173
509 16119
501 15743
504 15743
498 15353
496 15208
495 15148
493 14985
490 14849
488 14832
489 14741
486 14678
484 14592
485 14592
482 14417
483 14417
479 14351
480 14351
478 14307
476 14256
474 14136
475 14168
471 13986
469 13896
470 13777
466 13758
464 13694
465 13694
459 13430
457 13855
458 13855
455 13336
456 13336
453 13190
454 13190
452 13855
451 13181
449 13112
450 13112
448 13042
446 13036
447 13036
444 12959
445 12959
442 12739
443 12739
436 12680
441 12615
439 12545
437 12513
435 12479
433 12397
434 12397
431 12369
432 12310
429 12265
430 12265
427 12082
425 11998
426 11998
424 11944
419 11871
420 11871
421 11871
413 11837
412 11756
411 11673
416 12277
414 11470
415 11470
409 11391
407 11333
408 11333
405 11186
406 11186
402 10972
403 10972
401 10842
400 10755
398 10686
399 10686
396 10713
397 10713
392 83942
393 83942
391 10727
390 64453
388 10629
389 10629
387 10583
385 10514
384 10476
382 10442
380 10363
381 10363
379 10171
377 10157
378 10157
375 10084
376 10084
374 10018
373 9944
371 9876
370 9866
369 9760
367 9726
368 9726
366 9704
364 9657
365 9657
362 9584
363 9537
360 9529
361 9529
359 9425
358 9334
356 9210
357 9210
354 8672
355 8672
353 9145
351 9070
350 9042
348 9031
349 9031
346 8903
347 8903
343 8860
344 8860
339 8725
337 8629
338 8629
336 8574
326 8538
335 8538
333 8418
334 8418
329 8417
330 8417
331 8397
324 8397
325 8353
327 8274
321 8192
322 8192
319 8166
320 8166
317 7956
316 7937
314 7905
315 7905
313 7826
311 7785
311 7787
311 7847
312 7785
305 7712
309 7749
308 7749
303 7641
304 7641
301 7560
302 7560
300 7497
293 7516
299 7516
298 7437
292 7371
295 7329
296 7329
294 7287
288 7241
288 7241
289 7241
290 7216
285 7093
283 7037
283 7036
284 7037
284 7036
282 6999
280 6939
281 6939
279 95148
279 6864
277 6815
278 6815
276 6779
276 6778
274 6759
275 6759
272 6625
271 6662
269 6596
270 6596
266 6499
265 6478
263 6419
261 6398
262 6398
260 6263
258 6213
259 6213
256 6161
255 6161
254 6085
253 6073
251 6054
252 6054
250 5973
248 5979
249 5979
246 5934
245 5921
245 5920
243 5895
244 6357
244 5895
242 5837
238 5765
239 5765
237 5648
235 5592
236 5592
232 5514
233 5514
229 5437
230 5437
228 5404
226 5378
225 5322
223 5301
224 5301
222 5251
220 5177
221 5177
217 5285
218 5285
215 5034
213 4982
214 4982
200 4769
198 4764
199 4764
196 4717
197 4717
195 4699
193 4673
194 4673
191 4634
188 4633
190 4556
189 4540
186 4488
178 4435
183 4419
182 4408
176 4372
181 4372
175 4339
175 4353
164 4303
174 4303
173 4289
171 4255
167 4214
168 4217
168 4214
163 4187
169 4187
166 4173
162 4139
165 4124
161 4097
159 4089
160 4044
160 4108
158 4089
157 4005
154 3969
155 3969
153 3948
152 3926
151 3905
149 3864
149 3874
148 3819
145 3746
146 3746
146 3770
144 3693
143 3653
143 3651
141 3571
140 3542
138 3462
139 3462
137 3318
135 3353
136 3352
136 3353
132 3302
133 3302
131 3256
131 3253
131 3254
130 3226
128 3219
129 3196
129 3219
127 3140
123 3047
124 3047
121 2956
122 2956
122 3011
120 2892
119 3229
119 2867
118 2826
118 2822
117 2752
117 2753
116 2584
113 2627
114 2627
111 2616
112 2616
112 2593
110 2547
108 2514
108 2516
106 2493
106 2493
104 2539
104 2426
104 2410
101 2393
102 2393
99 2326
99 2323
99 2324
97 2293
97 2294
97 2300
95 2257
96 2257
96 2263
93 2216
94 2208
94 2211
91 2182
92 2182
89 2162
89 2157
90 2162
90 2162
90 2157
87 2121
88 2121
88 2120
86 2028
85 2020
85 2021
82 1889
79 1848
79 1839
78 1812
77 1769
77 1773
80 1769
80 1773
74 1735
74 1731
75 1715
75 1717
76 1712
73 1700
73 1710
71 1624
70 1598
69 1571
68 1542
68 1544
66 1452
65 1431
63 1391
63 1384
63 1385
62 1363
60 1317
58 1771
57 1171
56 1147
54 1085
54 1087
54 1088
53 1065
53 1064
51 1038
50 1006
50 1003
47 931
46 916
46 917
43 902
43 905
43 906
42 884
42 887
41 1620
44 833
44 834
40 835
38 812
38 815
38 816
38 805
38 806
38 807
38 808
37 798
39 786
39 793
36 773
36 774
36 768
36 769
36 770
36 771
34 748
33 731
33 732
33 733
33 734
33 735
33 736
33 737
30 696
30 697
30 699
30 694
30 695
29 686
28 685
28 676
28 677
28 678
28 679
27 653
27 654
27 655
26 610
26 611
25 594
24 557
23 530
22 507
19 559
18 463
17 451
16 431
15 411
15 419
14 389
13 364
9 283
8 4441
6 249
6 1537
5 213
3 192
3 142
2 107
2 109
1 85
